a = 3234
b = 4123123
a*b